A101: [[468.0, 501.0], [524.0, 501.0], [524.0, 556.0], [506.0, 556.0], [506.0, 546.0], [486.0, 546.0], [486.0, 556.0], [468.0, 556.0]]
C106: [[473.0, 276.0], [630.0, 276.0], [630.0, 308.0], [473.0, 308.0]]
C114: [[426.0, 265.0], [473.0, 265.0], [473.0, 308.0], [426.0, 308.0]]
door_+1_0: [[492.0, 501.0], [500.0, 501.0]]
door_+1_1: [[492.0, 546.0], [500.0, 546.0]]
door_+1_10: [[419.0, 519.0], [427.0, 519.0]]
door_+1_100: [[478.0, 214.0], [495.0, 214.0]]
door_+1_101: [[478.0, 235.0], [495.0, 235.0]]
door_+1_102: [[438.0, 125.5], [438.0, 133.5]]
door_+1_103: [[475.0, 152.0], [475.0, 160.0]]
door_+1_104: [[475.0, 53.0], [475.0, 61.0]]
door_+1_105: [[498.0, 47.5], [498.0, 55.5]]
door_+1_106: [[498.0, 62.0], [498.0, 70.0]]
door_+1_107: [[498.0, 74.0], [498.0, 80.0]]
door_+1_108: [[515.0, 64.0], [523.0, 64.0]]
door_+1_109: [[528.0, 64.0], [536.0, 64.0]]
door_+1_11: [[436.0, 519.0], [428.0, 519.0]]
door_+1_110: [[498.0, 169.0], [498.0, 161.0]]
door_+1_111: [[498.0, 88.0], [498.0, 96.0]]
door_+1_112: [[514.0, 182.5], [514.0, 190.5]]
door_+1_113: [[498.0, 182.5], [498.0, 190.5]]
door_+1_114: [[514.0, 201.0], [514.0, 209.0]]
door_+1_115: [[498.0, 201.0], [498.0, 209.0]]
door_+1_116: [[263.0, 129.0], [271.0, 129.0]]
door_+1_117: [[323.0, 45.0], [331.0, 45.0]]
door_+1_118: [[323.0, 221.0], [331.0, 221.0]]
door_+1_119: [[318.0, 117.0], [318.0, 128.0]]
door_+1_12: [[442.0, 519.0], [450.0, 519.0]]
door_+1_120: [[282.5, 99.0], [290.5, 99.0]]
door_+1_121: [[282.5, 116.0], [290.5, 116.0]]
door_+1_122: [[301.0, 100.0], [301.0, 105.0]]
door_+1_123: [[301.0, 77.0], [301.0, 85.0]]
door_+1_124: [[336.0, 72.0], [342.0, 72.0]]
door_+1_125: [[342.0, 72.0], [350.0, 72.0]]
door_+1_126: [[336.0, 54.5], [336.0, 62.5]]
door_+1_127: [[359.5, 69.0], [367.5, 69.0]]
door_+1_128: [[350.0, 53.0], [350.0, 61.0]]
door_+1_129: [[343.0, 132.0], [350.0, 132.0]]
door_+1_13: [[533.0, 519.0], [541.0, 519.0]]
door_+1_130: [[336.0, 116.5], [336.0, 124.5]]
door_+1_131: [[359.5, 131.0], [367.5, 131.0]]
door_+1_132: [[350.0, 116.0], [350.0, 124.0]]
door_+1_133: [[343.0, 194.0], [350.0, 194.0]]
door_+1_134: [[336.0, 178.0], [336.0, 186.0]]
door_+1_135: [[359.5, 192.0], [367.5, 192.0]]
door_+1_136: [[350.0, 177.0], [350.0, 185.0]]
door_+1_137: [[336.0, 194.0], [343.0, 194.0]]
door_+1_138: [[336.0, 132.0], [343.0, 132.0]]
door_+1_139: [[301.0, 107.0], [301.0, 115.0]]
door_+1_14: [[550.0, 542.5], [550.0, 550.5]]
door_+1_140: [[220.0, 201.0], [220.0, 209.0]]
door_+1_141: [[60.0, 223.5], [60.0, 231.5]]
door_+1_142: [[307.0, 234.0], [315.0, 234.0]]
door_+1_143: [[317.0, 244.0], [309.0, 244.0]]
door_+1_144: [[290.0, 234.0], [298.0, 234.0]]
door_+1_145: [[286.5, 244.0], [294.5, 244.0]]
door_+1_146: [[295.0, 245.0], [295.0, 253.0]]
door_+1_147: [[249.5, 234.0], [257.5, 234.0]]
door_+1_148: [[224.0, 234.0], [232.0, 234.0]]
door_+1_149: [[208.0, 221.0], [216.0, 221.0]]
door_+1_15: [[550.0, 524.0], [550.0, 532.0]]
door_+1_150: [[170.0, 221.0], [178.0, 221.0]]
door_+1_151: [[186.0, 199.0], [194.0, 199.0]]
door_+1_152: [[220.0, 201.0], [220.0, 209.0]]
door_+1_153: [[205.0, 201.0], [205.0, 209.0]]
door_+1_154: [[338.0, 32.0], [346.0, 32.0]]
door_+1_155: [[63.0, 40.0], [71.0, 40.0]]
door_+1_156: [[47.5, 55.0], [55.5, 55.0]]
door_+1_157: [[47.5, 257.0], [55.5, 257.0]]
door_+1_158: [[47.5, 267.0], [55.5, 267.0]]
door_+1_159: [[43.0, 245.0], [43.0, 253.0]]
door_+1_16: [[588.0, 519.0], [596.0, 519.0]]
door_+1_160: [[25.0, 245.0], [25.0, 253.0]]
door_+1_161: [[3.0, 260.0], [11.0, 260.0]]
door_+1_162: [[25.5, 260.0], [33.5, 260.0]]
door_+1_163: [[34.5, 260.0], [42.5, 260.0]]
door_+1_164: [[43.0, 176.0], [43.0, 184.0]]
door_+1_165: [[25.0, 176.0], [25.0, 184.0]]
door_+1_166: [[25.5, 191.0], [33.5, 191.0]]
door_+1_167: [[34.5, 191.0], [42.5, 191.0]]
door_+1_168: [[43.0, 117.0], [43.0, 125.0]]
door_+1_169: [[25.0, 117.0], [25.0, 125.0]]
door_+1_17: [[645.0, 519.0], [653.0, 519.0]]
door_+1_170: [[25.5, 132.0], [33.5, 132.0]]
door_+1_171: [[34.5, 132.0], [42.5, 132.0]]
door_+1_172: [[43.0, 62.0], [43.0, 70.0]]
door_+1_173: [[25.0, 62.0], [25.0, 70.0]]
door_+1_174: [[25.5, 77.0], [33.5, 77.0]]
door_+1_175: [[34.5, 77.0], [42.5, 77.0]]
door_+1_176: [[93.0, 37.0], [101.0, 37.0]]
door_+1_177: [[93.0, 55.0], [101.0, 55.0]]
door_+1_178: [[108.0, 15.0], [108.0, 23.0]]
door_+1_179: [[108.0, 37.5], [108.0, 45.5]]
door_+1_18: [[524.0, 506.0], [524.0, 514.0]]
door_+1_180: [[108.0, 46.5], [108.0, 54.5]]
door_+1_181: [[606.0, 1.0], [614.0, 1.0]]
door_+1_182: [[606.0, 40.0], [614.0, 40.0]]
door_+1_183: [[651.0, 1.0], [643.0, 1.0]]
door_+1_184: [[654.0, 37.0], [654.0, 29.0]]
door_+1_185: [[657.0, 40.0], [665.0, 40.0]]
door_+1_186: [[678.0, 40.0], [686.0, 40.0]]
door_+1_187: [[340.0, 873.0], [340.0, 881.0]]
door_+1_188: [[416.0, 632.0], [416.0, 624.0]]
door_+1_189: [[406.0, 632.0], [406.0, 624.0]]
door_+1_19: [[702.0, 501.5], [702.0, 509.5]]
door_+1_190: [[342.0, 678.0], [350.0, 678.0]]
door_+1_191: [[360.0, 627.0], [360.0, 619.0]]
door_+1_192: [[406.0, 638.0], [406.0, 646.0]]
door_+1_193: [[465.0, 678.0], [473.0, 678.0]]
door_+1_194: [[490.0, 638.0], [490.0, 646.0]]
door_+1_195: [[580.0, 638.5], [580.0, 646.5]]
door_+1_196: [[554.0, 638.5], [554.0, 646.5]]
door_+1_197: [[422.0, 666.0], [430.0, 666.0]]
door_+1_198: [[431.0, 668.0], [431.0, 676.0]]
door_+1_199: [[422.0, 678.0], [430.0, 678.0]]
door_+1_2: [[492.0, 556.0], [500.0, 556.0]]
door_+1_20: [[712.0, 511.0], [712.0, 519.0]]
door_+1_200: [[421.0, 675.0], [421.0, 667.0]]
door_+1_201: [[421.0, 669.0], [421.0, 677.0]]
door_+1_202: [[391.0, 650.0], [383.0, 650.0]]
door_+1_203: [[394.0, 662.0], [394.0, 654.0]]
door_+1_204: [[391.0, 665.0], [383.0, 665.0]]
door_+1_205: [[396.0, 660.0], [404.0, 660.0]]
door_+1_206: [[328.0, 636.0], [328.0, 649.0]]
door_+1_207: [[318.0, 635.0], [326.0, 635.0]]
door_+1_208: [[298.0, 635.0], [315.0, 635.0]]
door_+1_209: [[286.5, 635.0], [294.5, 635.0]]
door_+1_21: [[703.0, 520.0], [711.0, 520.0]]
door_+1_210: [[284.0, 638.5], [284.0, 646.5]]
door_+1_211: [[48.0, 638.5], [48.0, 646.5]]
door_+1_212: [[269.0, 635.0], [277.0, 635.0]]
door_+1_213: [[247.5, 635.0], [255.5, 635.0]]
door_+1_214: [[262.0, 632.0], [262.0, 624.0]]
door_+1_215: [[241.0, 610.0], [241.0, 632.0]]
door_+1_216: [[238.0, 635.0], [230.0, 635.0]]
door_+1_217: [[160.0, 635.0], [168.0, 635.0]]
door_+1_218: [[154.0, 635.0], [146.0, 635.0]]
door_+1_219: [[76.0, 635.0], [84.0, 635.0]]
door_+1_22: [[702.0, 511.0], [702.0, 519.0]]
door_+1_220: [[70.0, 635.0], [62.0, 635.0]]
door_+1_221: [[35.0, 650.0], [43.0, 650.0]]
door_+1_222: [[30.0, 638.5], [30.0, 646.5]]
door_+1_223: [[56.5, 650.0], [64.5, 650.0]]
door_+1_224: [[79.5, 650.0], [87.5, 650.0]]
door_+1_225: [[100.5, 650.0], [108.5, 650.0]]
door_+1_226: [[121.5, 650.0], [129.5, 650.0]]
door_+1_227: [[142.5, 650.0], [150.5, 650.0]]
door_+1_228: [[163.5, 650.0], [171.5, 650.0]]
door_+1_229: [[181.0, 650.0], [189.0, 650.0]]
door_+1_23: [[332.5, 484.0], [340.5, 484.0]]
door_+1_230: [[226.5, 650.0], [234.5, 650.0]]
door_+1_231: [[247.5, 650.0], [255.5, 650.0]]
door_+1_232: [[269.0, 650.0], [277.0, 650.0]]
door_+1_233: [[285.0, 650.0], [293.0, 650.0]]
door_+1_234: [[285.0, 662.0], [293.0, 662.0]]
door_+1_235: [[294.0, 652.0], [294.0, 660.0]]
door_+1_236: [[318.5, 650.0], [326.5, 650.0]]
door_+1_237: [[318.5, 662.0], [326.5, 662.0]]
door_+1_238: [[317.0, 652.0], [317.0, 660.0]]
door_+1_239: [[330.0, 844.0], [338.0, 844.0]]
door_+1_24: [[346.0, 487.0], [346.0, 495.0]]
door_+1_240: [[326.0, 833.0], [326.0, 841.0]]
door_+1_241: [[326.0, 791.0], [326.0, 799.0]]
door_+1_242: [[282.0, 830.0], [323.0, 830.0]]
door_+1_243: [[326.0, 785.0], [326.0, 777.0]]
door_+1_244: [[282.0, 788.0], [323.0, 788.0]]
door_+1_245: [[318.0, 730.0], [310.0, 730.0]]
door_+1_246: [[210.0, 795.0], [218.0, 795.0]]
door_+1_247: [[203.0, 833.0], [203.0, 841.0]]
door_+1_248: [[203.0, 791.0], [203.0, 799.0]]
door_+1_249: [[158.0, 830.0], [200.0, 830.0]]
door_+1_25: [[327.0, 487.0], [327.0, 495.0]]
door_+1_250: [[203.0, 785.0], [203.0, 777.0]]
door_+1_251: [[158.0, 788.0], [200.0, 788.0]]
door_+1_252: [[192.5, 734.0], [200.5, 734.0]]
door_+1_253: [[190.0, 718.0], [190.0, 726.0]]
door_+1_254: [[180.0, 734.0], [188.0, 734.0]]
door_+1_255: [[166.0, 731.0], [166.0, 723.0]]
door_+1_256: [[156.5, 734.0], [164.5, 734.0]]
door_+1_257: [[87.0, 795.0], [95.0, 795.0]]
door_+1_258: [[78.0, 833.0], [78.0, 841.0]]
door_+1_259: [[78.0, 791.0], [78.0, 799.0]]
door_+1_26: [[374.5, 513.59090909091], [368.5, 517.40909090909]]
door_+1_260: [[34.0, 830.0], [75.0, 830.0]]
door_+1_261: [[78.0, 785.0], [78.0, 777.0]]
door_+1_262: [[34.0, 788.0], [75.0, 788.0]]
door_+1_263: [[68.0, 734.0], [76.0, 734.0]]
door_+1_264: [[66.0, 718.0], [66.0, 726.0]]
door_+1_265: [[42.0, 731.0], [42.0, 723.0]]
door_+1_266: [[32.5, 734.0], [40.5, 734.0]]
door_+1_267: [[56.0, 734.0], [64.0, 734.0]]
door_+1_268: [[242.0, 910.0], [234.0, 910.0]]
door_+1_269: [[200.0, 923.5], [200.0, 931.5]]
door_+1_27: [[361.0, 487.0], [361.0, 495.0]]
door_+1_270: [[251.0, 922.0], [259.0, 922.0]]
door_+1_271: [[260.0, 923.5], [260.0, 931.5]]
door_+1_272: [[250.0, 923.5], [250.0, 931.5]]
door_+1_273: [[250.0, 935.0], [250.0, 943.0]]
door_+1_274: [[260.0, 935.0], [260.0, 943.0]]
door_+1_275: [[241.0, 948.0], [241.0, 956.0]]
door_+1_276: [[223.5, 965.0], [231.5, 965.0]]
door_+1_277: [[223.5, 975.0], [231.5, 975.0]]
door_+1_278: [[235.0, 968.0], [235.0, 976.0]]
door_+1_279: [[220.0, 955.0], [220.0, 963.0]]
door_+1_28: [[391.0, 502.88372093023], [385.0, 506.79069767442]]
door_+1_280: [[217.0, 953.0], [209.0, 953.0]]
door_+1_281: [[217.0, 965.0], [209.0, 965.0]]
door_+1_282: [[105.0, 931.0], [105.0, 939.0]]
door_+1_283: [[16.0, 910.0], [24.0, 910.0]]
door_+1_284: [[50.0, 936.0], [50.0, 944.0]]
door_+1_285: [[105.0, 961.0], [105.0, 969.0]]
door_+1_286: [[65.0, 970.0], [73.0, 970.0]]
door_+1_287: [[86.0, 970.0], [94.0, 970.0]]
door_+1_288: [[83.0, 973.5], [83.0, 981.5]]
door_+1_289: [[46.0, 970.0], [54.0, 970.0]]
door_+1_29: [[369.0, 548.5], [375.0, 553.5]]
door_+1_290: [[55.0, 973.5], [55.0, 981.5]]
door_+1_291: [[40.0, 973.0], [40.0, 981.0]]
door_+1_292: [[31.0, 980.0], [39.0, 980.0]]
door_+1_293: [[27.0, 965.0], [19.0, 965.0]]
door_+1_294: [[15.0, 956.0], [15.0, 964.0]]
door_+1_295: [[15.0, 946.0], [15.0, 954.0]]
door_+1_296: [[15.0, 942.0], [15.0, 934.0]]
door_+1_297: [[28.5, 935.0], [36.5, 935.0]]
door_+1_298: [[41.0, 935.0], [49.0, 935.0]]
door_+1_299: [[61.0, 915.0], [69.0, 915.0]]
door_+1_3: [[468.0, 506.0], [468.0, 514.0]]
door_+1_30: [[367.5, 565.78571428571], [361.5, 563.21428571429]]
door_+1_300: [[73.5, 960.0], [81.5, 960.0]]
door_+1_301: [[38.0, 945.0], [46.0, 945.0]]
door_+1_302: [[56.0, 960.0], [64.0, 960.0]]
door_+1_303: [[679.0, 930.0], [687.0, 930.0]]
door_+1_304: [[445.0, 910.0], [453.0, 910.0]]
door_+1_305: [[430.0, 975.0], [438.0, 975.0]]
door_+1_306: [[462.0, 955.0], [470.0, 955.0]]
door_+1_307: [[540.0, 943.5], [540.0, 951.5]]
door_+1_308: [[472.0, 943.5], [472.0, 951.5]]
door_+1_309: [[479.0, 940.0], [471.0, 940.0]]
door_+1_31: [[713.5, 563.21428571429], [707.5, 565.78571428571]]
door_+1_310: [[489.0, 940.0], [497.0, 940.0]]
door_+1_311: [[511.0, 940.0], [519.0, 940.0]]
door_+1_312: [[529.0, 940.0], [537.0, 940.0]]
door_+1_313: [[548.0, 943.5], [548.0, 951.5]]
door_+1_314: [[529.0, 955.0], [537.0, 955.0]]
door_+1_315: [[511.0, 955.0], [519.0, 955.0]]
door_+1_316: [[489.0, 955.0], [497.0, 955.0]]
door_+1_317: [[473.0, 955.0], [481.0, 955.0]]
door_+1_318: [[450.5, 965.0], [458.5, 965.0]]
door_+1_319: [[450.5, 980.0], [458.5, 980.0]]
door_+1_32: [[662.0, 275.0], [670.0, 275.0]]
door_+1_320: [[439.5, 965.0], [447.5, 965.0]]
door_+1_321: [[430.0, 966.0], [430.0, 974.0]]
door_+1_322: [[425.0, 966.0], [425.0, 974.0]]
door_+1_323: [[430.0, 956.0], [430.0, 964.0]]
door_+1_324: [[425.0, 956.0], [425.0, 964.0]]
door_+1_325: [[438.0, 938.0], [438.0, 946.0]]
door_+1_326: [[438.0, 952.0], [438.0, 944.0]]
door_+1_327: [[438.0, 926.0], [438.0, 934.0]]
door_+1_328: [[438.0, 913.5], [438.0, 921.5]]
door_+1_329: [[667.5, 930.0], [675.5, 930.0]]
door_+1_33: [[654.0, 287.0], [654.0, 295.0]]
door_+1_330: [[637.0, 851.0], [637.0, 859.0]]
door_+1_331: [[654.0, 853.5], [654.0, 861.5]]
door_+1_332: [[396.0, 910.0], [404.0, 910.0]]
door_+1_333: [[396.0, 950.0], [404.0, 950.0]]
door_+1_334: [[390.0, 968.5], [390.0, 976.5]]
door_+1_335: [[375.0, 974.5], [375.0, 982.5]]
door_+1_336: [[375.0, 962.0], [375.0, 970.0]]
door_+1_337: [[345.0, 982.0], [345.0, 974.0]]
door_+1_338: [[330.0, 963.0], [330.0, 971.0]]
door_+1_339: [[327.0, 910.0], [319.0, 910.0]]
door_+1_34: [[674.0, 235.0], [682.0, 235.0]]
door_+1_340: [[315.0, 911.0], [315.0, 919.0]]
door_+1_341: [[330.0, 928.5], [330.0, 936.5]]
door_+1_342: [[268.0, 945.0], [276.0, 945.0]]
door_+1_343: [[291.0, 945.0], [299.0, 945.0]]
door_+1_344: [[322.0, 945.0], [314.0, 945.0]]
door_+1_345: [[641.5, 656.0], [649.5, 656.0]]
door_+1_346: [[641.5, 845.0], [649.5, 845.0]]
door_+1_347: [[637.0, 746.5], [637.0, 754.5]]
door_+1_348: [[634.0, 687.33333333333], [628.0, 684.0]]
door_+1_349: [[620.68, 676.0], [624.04, 670.0]]
door_+1_35: [[695.78571428571, 242.5], [693.21428571429, 236.5]]
door_+1_350: [[637.0, 686.0], [637.0, 678.0]]
door_+1_351: [[654.0, 664.5], [654.0, 672.5]]
door_+1_352: [[669.0, 681.0], [677.0, 681.0]]
door_+1_353: [[654.0, 682.5], [654.0, 690.5]]
door_+1_354: [[654.0, 694.5], [654.0, 702.5]]
door_+1_355: [[657.0, 723.0], [675.0, 723.0]]
door_+1_356: [[678.0, 728.0], [678.0, 736.0]]
door_+1_357: [[654.0, 728.0], [654.0, 736.0]]
door_+1_358: [[716.0, 709.0], [708.0, 709.0]]
door_+1_359: [[716.0, 741.0], [708.0, 741.0]]
door_+1_36: [[481.0, 308.0], [489.0, 308.0]]
door_+1_360: [[654.0, 775.5], [654.0, 783.5]]
door_+1_361: [[668.0, 744.5], [668.0, 752.5]]
door_+1_362: [[657.0, 756.0], [665.0, 756.0]]
door_+1_363: [[668.0, 759.5], [668.0, 767.5]]
door_+1_364: [[654.0, 759.5], [654.0, 767.5]]
door_+1_365: [[654.0, 791.0], [654.0, 799.0]]
door_+1_366: [[657.0, 813.0], [665.0, 813.0]]
door_+1_367: [[654.0, 814.5], [654.0, 822.5]]
door_+1_368: [[675.0, 813.0], [667.0, 813.0]]
door_+1_369: [[662.0, 824.0], [670.0, 824.0]]
door_+1_37: [[473.0, 288.0], [473.0, 296.0]]
door_+1_370: [[678.0, 816.0], [678.0, 824.0]]
door_+1_371: [[637.0, 693.5], [637.0, 701.5]]
door_+1_372: [[624.5, 715.74193548387], [618.5, 712.25806451613]]
door_+1_38: [[630.0, 288.0], [630.0, 296.0]]
door_+1_39: [[476.0, 276.0], [496.0, 276.0]]
door_+1_4: [[436.0, 502.0], [436.0, 518.0]]
door_+1_40: [[426.0, 243.0], [426.0, 261.0]]
door_+1_41: [[336.0, 243.0], [336.0, 261.0]]
door_+1_42: [[610.0, 258.0], [610.0, 273.0]]
door_+1_43: [[580.0, 258.0], [580.0, 273.0]]
door_+1_44: [[591.0, 276.0], [599.0, 276.0]]
door_+1_45: [[566.0, 255.0], [627.0, 255.0]]
door_+1_46: [[541.0, 276.0], [549.0, 276.0]]
door_+1_47: [[523.5, 276.0], [531.5, 276.0]]
door_+1_48: [[503.5, 276.0], [511.5, 276.0]]
door_+1_49: [[499.0, 261.5], [499.0, 269.5]]
door_+1_5: [[369.0, 540.25], [375.0, 536.75]]
door_+1_50: [[499.0, 241.0], [499.0, 249.0]]
door_+1_51: [[509.0, 247.0], [516.0, 247.0]]
door_+1_52: [[436.0, 265.0], [444.0, 265.0]]
door_+1_53: [[470.0, 265.0], [462.0, 265.0]]
door_+1_54: [[440.0, 305.0], [440.0, 297.0]]
door_+1_55: [[426.0, 287.5], [426.0, 295.5]]
door_+1_56: [[426.0, 266.0], [426.0, 274.0]]
door_+1_57: [[403.0, 266.0], [403.0, 274.0]]
door_+1_58: [[336.0, 305.0], [336.0, 297.0]]
door_+1_59: [[320.0, 305.0], [320.0, 297.0]]
door_+1_6: [[394.5, 525.3], [400.5, 521.7]]
door_+1_60: [[266.0, 291.0], [266.0, 307.0]]
door_+1_61: [[317.0, 282.0], [309.0, 282.0]]
door_+1_62: [[303.0, 279.0], [303.0, 271.0]]
door_+1_63: [[276.0, 282.0], [284.0, 282.0]]
door_+1_64: [[273.0, 279.0], [273.0, 271.0]]
door_+1_65: [[290.0, 279.0], [290.0, 271.0]]
door_+1_66: [[295.0, 279.0], [295.0, 271.0]]
door_+1_67: [[244.0, 370.0], [263.0, 370.0]]
door_+1_68: [[241.0, 263.5], [241.0, 271.5]]
door_+1_69: [[281.5, 308.0], [289.5, 308.0]]
door_+1_7: [[393.5, 536.0], [401.5, 536.0]]
door_+1_70: [[266.0, 362.0], [266.0, 354.0]]
door_+1_71: [[266.0, 316.0], [266.0, 324.0]]
door_+1_72: [[266.0, 411.0], [266.0, 403.0]]
door_+1_73: [[241.0, 399.0], [241.0, 407.0]]
door_+1_74: [[241.0, 377.0], [241.0, 385.0]]
door_+1_75: [[249.5, 414.0], [257.5, 414.0]]
door_+1_76: [[249.5, 448.0], [257.5, 448.0]]
door_+1_77: [[286.0, 459.0], [294.0, 459.0]]
door_+1_78: [[275.0, 467.0], [275.0, 475.0]]
door_+1_79: [[305.0, 399.0], [305.0, 407.0]]
door_+1_8: [[390.0, 528.0], [390.0, 536.0]]
door_+1_80: [[268.5, 392.0], [276.5, 392.0]]
door_+1_81: [[294.0, 392.0], [304.0, 392.0]]
door_+1_82: [[266.0, 424.0], [273.0, 424.0]]
door_+1_83: [[266.0, 437.0], [273.0, 437.0]]
door_+1_84: [[273.0, 424.0], [280.0, 424.0]]
door_+1_85: [[273.0, 437.0], [280.0, 437.0]]
door_+1_86: [[288.5, 414.0], [296.5, 414.0]]
door_+1_87: [[288.5, 433.0], [296.5, 433.0]]
door_+1_88: [[272.0, 234.0], [280.0, 234.0]]
door_+1_89: [[553.0, 276.0], [561.0, 276.0]]
door_+1_9: [[406.5, 519.0], [414.5, 519.0]]
door_+1_90: [[585.0, 366.0], [593.0, 366.0]]
door_+1_91: [[595.0, 400.0], [595.0, 408.0]]
door_+1_92: [[584.0, 400.0], [584.0, 408.0]]
door_+1_93: [[647.0, 346.0], [639.0, 346.0]]
door_+1_94: [[639.0, 462.0], [647.0, 462.0]]
door_+1_95: [[639.0, 501.0], [647.0, 501.0]]
door_+1_96: [[650.0, 454.0], [650.0, 446.0]]
door_+1_97: [[650.0, 354.0], [650.0, 362.0]]
door_+1_98: [[633.0, 361.0], [633.0, 369.0]]
door_+1_99: [[624.0, 430.0], [632.0, 430.0]]
door_+2_0: [[385.0, 485.0], [385.0, 499.0]]
door_+2_1: [[276.0, 485.0], [276.0, 499.0]]
door_+2_10: [[406.5, 515.0], [414.5, 515.0]]
door_+2_100: [[297.0, 97.5], [297.0, 105.5]]
door_+2_101: [[297.0, 73.5], [297.0, 81.5]]
door_+2_102: [[318.0, 67.0], [318.0, 75.0]]
door_+2_103: [[348.0, 50.5], [348.0, 58.5]]
door_+2_104: [[321.0, 64.0], [329.0, 64.0]]
door_+2_105: [[348.0, 87.0], [348.0, 79.0]]
door_+2_106: [[334.0, 87.0], [334.0, 79.0]]
door_+2_107: [[337.0, 203.0], [345.0, 203.0]]
door_+2_108: [[346.0, 193.0], [338.0, 193.0]]
door_+2_109: [[360.0, 193.0], [368.0, 193.0]]
door_+2_11: [[419.0, 515.0], [427.0, 515.0]]
door_+2_110: [[336.0, 194.0], [336.0, 202.0]]
door_+2_111: [[205.0, 200.0], [205.0, 209.0]]
door_+2_112: [[186.0, 199.0], [194.0, 199.0]]
door_+2_113: [[205.0, 211.5], [205.0, 219.5]]
door_+2_114: [[28.0, 260.0], [36.0, 260.0]]
door_+2_115: [[24.0, 201.0], [24.0, 208.0]]
door_+2_116: [[35.0, 143.0], [35.0, 150.0]]
door_+2_117: [[24.0, 143.0], [24.0, 150.0]]
door_+2_118: [[35.0, 87.0], [35.0, 94.0]]
door_+2_119: [[24.0, 87.0], [24.0, 94.0]]
door_+2_12: [[436.0, 515.0], [428.0, 515.0]]
door_+2_120: [[119.0, 38.0], [127.0, 38.0]]
door_+2_121: [[119.0, 51.0], [119.0, 43.0]]
door_+2_122: [[43.0, 241.0], [43.0, 249.0]]
door_+2_123: [[25.0, 254.0], [25.0, 246.0]]
door_+2_124: [[22.0, 257.0], [14.0, 257.0]]
door_+2_125: [[10.0, 241.0], [10.0, 249.0]]
door_+2_126: [[49.5, 193.0], [57.5, 193.0]]
door_+2_127: [[49.5, 208.0], [57.5, 208.0]]
door_+2_128: [[47.0, 196.5], [47.0, 204.5]]
door_+2_129: [[27.0, 193.0], [19.0, 193.0]]
door_+2_13: [[446.0, 515.0], [454.0, 515.0]]
door_+2_130: [[18.0, 196.5], [18.0, 204.5]]
door_+2_131: [[27.0, 135.0], [19.0, 135.0]]
door_+2_132: [[5.5, 135.0], [13.5, 135.0]]
door_+2_133: [[33.0, 135.0], [41.0, 135.0]]
door_+2_134: [[47.0, 135.0], [55.0, 135.0]]
door_+2_135: [[27.0, 79.0], [19.0, 79.0]]
door_+2_136: [[5.5, 78.0], [13.5, 78.0]]
door_+2_137: [[33.0, 79.0], [41.0, 79.0]]
door_+2_138: [[47.0, 79.0], [55.0, 79.0]]
door_+2_139: [[109.0, 32.0], [109.0, 24.0]]
door_+2_14: [[467.5, 515.0], [475.5, 515.0]]
door_+2_140: [[109.0, 7.5], [109.0, 15.5]]
door_+2_141: [[109.0, 38.0], [109.0, 46.0]]
door_+2_142: [[109.0, 61.0], [109.0, 69.0]]
door_+2_143: [[357.0, 630.0], [349.0, 630.0]]
door_+2_144: [[406.0, 638.5], [406.0, 646.5]]
door_+2_145: [[403.0, 650.0], [395.0, 650.0]]
door_+2_146: [[409.0, 650.0], [417.0, 650.0]]
door_+2_147: [[487.0, 650.0], [479.0, 650.0]]
door_+2_148: [[493.0, 650.0], [501.0, 650.0]]
door_+2_149: [[535.0, 650.0], [543.0, 650.0]]
door_+2_15: [[483.5, 515.0], [491.5, 515.0]]
door_+2_150: [[554.0, 638.5], [554.0, 646.5]]
door_+2_151: [[535.0, 635.0], [543.0, 635.0]]
door_+2_152: [[493.0, 635.0], [501.0, 635.0]]
door_+2_153: [[451.0, 635.0], [487.0, 635.0]]
door_+2_154: [[406.0, 632.0], [406.0, 624.0]]
door_+2_155: [[328.0, 636.0], [328.0, 649.0]]
door_+2_156: [[318.0, 635.0], [326.0, 635.0]]
door_+2_157: [[298.0, 635.0], [315.0, 635.0]]
door_+2_158: [[284.0, 624.5], [284.0, 632.5]]
door_+2_159: [[262.0, 638.5], [262.0, 646.5]]
door_+2_16: [[525.0, 515.0], [517.0, 515.0]]
door_+2_160: [[265.0, 635.0], [281.0, 635.0]]
door_+2_161: [[270.5, 607.0], [278.5, 607.0]]
door_+2_162: [[247.5, 635.0], [255.5, 635.0]]
door_+2_163: [[238.0, 635.0], [230.0, 635.0]]
door_+2_164: [[184.5, 635.0], [192.5, 635.0]]
door_+2_165: [[163.5, 635.0], [171.5, 635.0]]
door_+2_166: [[142.5, 635.0], [150.5, 635.0]]
door_+2_167: [[121.5, 635.0], [129.5, 635.0]]
door_+2_168: [[100.5, 635.0], [108.5, 635.0]]
door_+2_169: [[79.5, 635.0], [87.5, 635.0]]
door_+2_17: [[541.5, 515.0], [549.5, 515.0]]
door_+2_170: [[70.0, 635.0], [62.0, 635.0]]
door_+2_171: [[35.0, 650.0], [43.0, 650.0]]
door_+2_172: [[48.0, 650.0], [56.0, 650.0]]
door_+2_173: [[60.5, 650.0], [68.5, 650.0]]
door_+2_174: [[160.0, 650.0], [168.0, 650.0]]
door_+2_175: [[118.0, 650.0], [126.0, 650.0]]
door_+2_176: [[76.0, 650.0], [84.0, 650.0]]
door_+2_177: [[205.5, 650.0], [213.5, 650.0]]
door_+2_178: [[226.5, 650.0], [234.5, 650.0]]
door_+2_179: [[247.5, 650.0], [255.5, 650.0]]
door_+2_18: [[596.0, 515.0], [588.0, 515.0]]
door_+2_180: [[269.0, 650.0], [277.0, 650.0]]
door_+2_181: [[285.0, 650.0], [293.0, 650.0]]
door_+2_182: [[285.0, 662.0], [293.0, 662.0]]
door_+2_183: [[294.0, 652.0], [294.0, 660.0]]
door_+2_184: [[318.5, 650.0], [326.5, 650.0]]
door_+2_185: [[318.5, 662.0], [326.5, 662.0]]
door_+2_186: [[317.0, 652.0], [317.0, 660.0]]
door_+2_187: [[287.0, 730.0], [295.0, 730.0]]
door_+2_188: [[330.0, 678.0], [338.0, 678.0]]
door_+2_189: [[327.0, 730.0], [341.0, 730.0]]
door_+2_19: [[612.5, 515.0], [620.5, 515.0]]
door_+2_190: [[326.0, 734.0], [326.0, 742.0]]
door_+2_191: [[283.0, 788.0], [291.0, 788.0]]
door_+2_192: [[305.0, 777.0], [305.0, 785.0]]
door_+2_193: [[295.0, 777.0], [295.0, 785.0]]
door_+2_194: [[295.0, 768.0], [295.0, 774.0]]
door_+2_195: [[305.0, 759.0], [305.0, 767.0]]
door_+2_196: [[295.0, 759.0], [295.0, 767.0]]
door_+2_197: [[305.0, 748.0], [305.0, 756.0]]
door_+2_198: [[295.0, 748.0], [295.0, 756.0]]
door_+2_199: [[210.0, 746.0], [218.0, 746.0]]
door_+2_2: [[276.0, 481.0], [276.0, 473.0]]
door_+2_20: [[647.5, 515.0], [655.5, 515.0]]
door_+2_200: [[279.0, 731.0], [279.0, 745.0]]
door_+2_201: [[218.0, 731.0], [218.0, 745.0]]
door_+2_202: [[203.0, 833.0], [203.0, 841.0]]
door_+2_203: [[203.0, 791.0], [203.0, 799.0]]
door_+2_204: [[158.0, 830.0], [200.0, 830.0]]
door_+2_205: [[203.0, 785.0], [203.0, 777.0]]
door_+2_206: [[158.0, 788.0], [200.0, 788.0]]
door_+2_207: [[200.0, 730.0], [192.0, 730.0]]
door_+2_208: [[179.0, 730.0], [185.0, 730.0]]
door_+2_209: [[176.0, 730.0], [168.0, 730.0]]
door_+2_21: [[681.5, 515.0], [689.5, 515.0]]
door_+2_210: [[87.0, 746.0], [95.0, 746.0]]
door_+2_211: [[155.0, 731.0], [155.0, 745.0]]
door_+2_212: [[95.0, 731.0], [95.0, 745.0]]
door_+2_213: [[78.0, 833.0], [78.0, 841.0]]
door_+2_214: [[78.0, 791.0], [78.0, 799.0]]
door_+2_215: [[34.0, 830.0], [75.0, 830.0]]
door_+2_216: [[78.0, 785.0], [78.0, 777.0]]
door_+2_217: [[34.0, 788.0], [75.0, 788.0]]
door_+2_218: [[75.0, 730.0], [67.0, 730.0]]
door_+2_219: [[51.0, 730.0], [43.0, 730.0]]
door_+2_22: [[697.83333333333, 554.5], [701.16666666667, 548.5]]
door_+2_220: [[231.0, 910.0], [239.0, 910.0]]
door_+2_221: [[200.0, 934.5], [200.0, 942.5]]
door_+2_222: [[250.0, 911.0], [250.0, 919.0]]
door_+2_223: [[250.0, 922.5], [250.0, 930.5]]
door_+2_224: [[260.0, 935.0], [260.0, 943.0]]
door_+2_225: [[250.0, 935.0], [250.0, 943.0]]
door_+2_226: [[242.0, 945.0], [249.0, 945.0]]
door_+2_227: [[260.0, 982.0], [260.0, 974.0]]
door_+2_228: [[226.5, 945.0], [234.5, 945.0]]
door_+2_229: [[223.0, 975.0], [231.0, 975.0]]
door_+2_23: [[702.0, 501.5], [702.0, 509.5]]
door_+2_230: [[202.0, 945.0], [210.0, 945.0]]
door_+2_231: [[212.0, 957.0], [212.0, 949.0]]
door_+2_232: [[203.0, 960.0], [211.0, 960.0]]
door_+2_233: [[210.0, 932.0], [218.0, 932.0]]
door_+2_234: [[208.0, 929.0], [208.0, 921.0]]
door_+2_235: [[217.0, 920.0], [209.0, 920.0]]
door_+2_236: [[61.0, 915.0], [69.0, 915.0]]
door_+2_237: [[38.0, 965.0], [46.0, 965.0]]
door_+2_238: [[85.0, 971.0], [85.0, 979.0]]
door_+2_239: [[31.0, 980.0], [39.0, 980.0]]
door_+2_24: [[712.0, 511.0], [712.0, 519.0]]
door_+2_240: [[27.0, 965.0], [19.0, 965.0]]
door_+2_241: [[15.0, 956.0], [15.0, 964.0]]
door_+2_242: [[15.0, 946.0], [15.0, 954.0]]
door_+2_243: [[15.0, 942.0], [15.0, 934.0]]
door_+2_244: [[5.0, 945.0], [10.0, 945.0]]
door_+2_245: [[18.5, 935.0], [26.5, 935.0]]
door_+2_246: [[60.0, 956.0], [60.0, 964.0]]
door_+2_247: [[30.0, 941.0], [30.0, 949.0]]
door_+2_248: [[51.0, 945.0], [59.0, 945.0]]
door_+2_249: [[51.0, 955.0], [59.0, 955.0]]
door_+2_25: [[703.0, 520.0], [711.0, 520.0]]
door_+2_250: [[60.0, 932.0], [60.0, 924.0]]
door_+2_251: [[485.0, 910.0], [493.0, 910.0]]
door_+2_252: [[565.0, 910.0], [557.0, 910.0]]
door_+2_253: [[571.0, 910.0], [579.0, 910.0]]
door_+2_254: [[640.0, 912.0], [640.0, 920.0]]
door_+2_255: [[654.0, 912.0], [654.0, 920.0]]
door_+2_256: [[438.0, 938.0], [438.0, 946.0]]
door_+2_257: [[438.0, 952.0], [438.0, 944.0]]
door_+2_258: [[445.0, 910.0], [453.0, 910.0]]
door_+2_259: [[460.0, 923.5], [460.0, 931.5]]
door_+2_26: [[702.0, 511.0], [702.0, 519.0]]
door_+2_260: [[479.0, 945.0], [471.0, 945.0]]
door_+2_261: [[460.0, 962.5], [460.0, 970.5]]
door_+2_262: [[460.0, 976.0], [460.0, 984.0]]
door_+2_263: [[438.0, 975.0], [438.0, 983.0]]
door_+2_264: [[428.0, 976.0], [428.0, 984.0]]
door_+2_265: [[438.0, 964.5], [438.0, 972.5]]
door_+2_266: [[428.0, 964.5], [428.0, 972.5]]
door_+2_267: [[415.0, 970.0], [423.0, 970.0]]
door_+2_268: [[438.0, 955.5], [438.0, 963.5]]
door_+2_269: [[438.0, 926.0], [438.0, 934.0]]
door_+2_27: [[439.0, 502.0], [439.0, 514.0]]
door_+2_270: [[438.0, 913.5], [438.0, 921.5]]
door_+2_271: [[342.0, 861.0], [342.0, 876.0]]
door_+2_272: [[460.0, 898.5], [460.0, 906.5]]
door_+2_273: [[641.5, 845.0], [649.5, 845.0]]
door_+2_274: [[641.5, 895.0], [649.5, 895.0]]
door_+2_275: [[654.0, 853.5], [654.0, 861.5]]
door_+2_276: [[396.0, 960.0], [404.0, 960.0]]
door_+2_277: [[390.0, 968.5], [390.0, 976.5]]
door_+2_278: [[375.0, 974.5], [375.0, 982.5]]
door_+2_279: [[375.0, 962.0], [375.0, 970.0]]
door_+2_28: [[267.5, 452.0], [275.5, 452.0]]
door_+2_280: [[345.0, 982.0], [345.0, 974.0]]
door_+2_281: [[333.5, 972.0], [341.5, 972.0]]
door_+2_282: [[396.0, 940.0], [404.0, 940.0]]
door_+2_283: [[385.0, 950.0], [390.0, 950.0]]
door_+2_284: [[330.0, 950.0], [335.0, 950.0]]
door_+2_285: [[390.0, 951.0], [390.0, 959.0]]
door_+2_286: [[330.0, 951.0], [330.0, 959.0]]
door_+2_287: [[637.0, 685.5], [637.0, 693.5]]
door_+2_288: [[621.08823529412, 676.5], [617.91176470588, 682.5]]
door_+2_289: [[662.0, 692.0], [670.0, 692.0]]
door_+2_29: [[365.0, 507.0], [365.0, 514.0]]
door_+2_290: [[678.0, 694.5], [678.0, 702.5]]
door_+2_291: [[654.0, 694.5], [654.0, 702.5]]
door_+2_292: [[654.0, 719.0], [654.0, 727.0]]
door_+2_293: [[694.5, 709.0], [702.5, 709.0]]
door_+2_294: [[694.5, 741.0], [702.5, 741.0]]
door_+2_295: [[678.0, 759.5], [678.0, 767.5]]
door_+2_296: [[654.0, 759.5], [654.0, 767.5]]
door_+2_297: [[654.0, 744.5], [654.0, 752.5]]
door_+2_298: [[654.0, 775.5], [654.0, 783.5]]
door_+2_299: [[654.0, 810.0], [654.0, 802.0]]
door_+2_3: [[276.0, 440.0], [276.0, 448.0]]
door_+2_30: [[365.0, 500.0], [365.0, 507.0]]
door_+2_300: [[654.0, 791.0], [654.0, 799.0]]
door_+2_301: [[654.0, 825.0], [654.0, 833.0]]
door_+2_302: [[689.5, 788.0], [697.5, 788.0]]
door_+2_303: [[689.5, 813.0], [697.5, 813.0]]
door_+2_31: [[472.0, 286.0], [472.0, 305.0]]
door_+2_32: [[343.0, 268.0], [355.0, 268.0]]
door_+2_33: [[426.0, 286.0], [426.0, 305.0]]
door_+2_34: [[262.0, 286.0], [262.0, 305.0]]
door_+2_35: [[244.0, 428.0], [259.0, 428.0]]
door_+2_36: [[262.0, 315.0], [262.0, 323.0]]
door_+2_37: [[279.5, 330.0], [287.5, 330.0]]
door_+2_38: [[279.5, 348.0], [287.5, 348.0]]
door_+2_39: [[262.0, 335.0], [262.0, 343.0]]
door_+2_4: [[244.0, 500.0], [252.0, 500.0]]
door_+2_40: [[263.0, 348.0], [271.0, 348.0]]
door_+2_41: [[262.0, 355.0], [262.0, 363.0]]
door_+2_42: [[262.0, 373.0], [262.0, 381.0]]
door_+2_43: [[262.0, 389.0], [262.0, 381.0]]
door_+2_44: [[262.0, 425.0], [262.0, 417.0]]
door_+2_45: [[241.0, 376.5], [241.0, 384.5]]
door_+2_46: [[218.0, 376.5], [218.0, 384.5]]
door_+2_47: [[225.5, 392.0], [233.5, 392.0]]
door_+2_48: [[241.0, 263.5], [241.0, 271.5]]
door_+2_49: [[224.0, 260.0], [232.0, 260.0]]
door_+2_5: [[276.0, 505.5], [276.0, 513.5]]
door_+2_50: [[247.5, 258.0], [255.5, 258.0]]
door_+2_51: [[262.0, 265.0], [262.0, 257.0]]
door_+2_52: [[262.0, 271.5], [262.0, 279.5]]
door_+2_53: [[277.0, 268.0], [269.0, 268.0]]
door_+2_54: [[282.0, 283.0], [290.0, 283.0]]
door_+2_55: [[293.0, 268.0], [301.0, 268.0]]
door_+2_56: [[302.0, 271.5], [302.0, 279.5]]
door_+2_57: [[293.0, 283.0], [301.0, 283.0]]
door_+2_58: [[292.0, 271.5], [292.0, 279.5]]
door_+2_59: [[342.0, 271.5], [342.0, 279.5]]
door_+2_6: [[313.0, 500.0], [321.0, 500.0]]
door_+2_60: [[333.0, 271.5], [333.0, 279.5]]
door_+2_61: [[356.0, 271.5], [356.0, 279.5]]
door_+2_62: [[365.0, 271.5], [365.0, 279.5]]
door_+2_63: [[388.0, 283.0], [396.0, 283.0]]
door_+2_64: [[406.0, 262.0], [414.0, 262.0]]
door_+2_65: [[406.0, 283.0], [414.0, 283.0]]
door_+2_66: [[418.0, 262.0], [426.0, 262.0]]
door_+2_67: [[418.0, 283.0], [426.0, 283.0]]
door_+2_68: [[435.5, 272.0], [443.5, 272.0]]
door_+2_69: [[458.0, 272.0], [466.0, 272.0]]
door_+2_7: [[365.0, 514.0], [365.0, 519.0]]
door_+2_70: [[489.5, 283.0], [497.5, 283.0]]
door_+2_71: [[523.0, 283.0], [531.0, 283.0]]
door_+2_72: [[560.0, 283.0], [552.0, 283.0]]
door_+2_73: [[542.0, 283.0], [550.0, 283.0]]
door_+2_74: [[573.0, 283.0], [581.0, 283.0]]
door_+2_75: [[601.0, 283.0], [609.0, 283.0]]
door_+2_76: [[628.0, 283.0], [636.0, 283.0]]
door_+2_77: [[648.0, 283.0], [656.0, 283.0]]
door_+2_78: [[684.5, 283.0], [692.5, 283.0]]
door_+2_79: [[658.0, 291.5], [658.0, 299.5]]
door_+2_8: [[373.5, 536.64285714286], [379.5, 532.35714285714]]
door_+2_80: [[633.0, 371.0], [633.0, 379.0]]
door_+2_81: [[639.0, 462.0], [647.0, 462.0]]
door_+2_82: [[639.0, 501.0], [647.0, 501.0]]
door_+2_83: [[653.0, 452.0], [653.0, 460.0]]
door_+2_84: [[653.0, 348.0], [653.0, 356.0]]
door_+2_85: [[639.0, 308.0], [647.0, 308.0]]
door_+2_86: [[639.0, 346.0], [647.0, 346.0]]
door_+2_87: [[633.0, 431.0], [633.0, 439.0]]
door_+2_88: [[356.0, 203.0], [356.0, 210.0]]
door_+2_89: [[351.0, 141.0], [351.0, 149.0]]
door_+2_9: [[393.0, 523.0], [399.0, 519.0]]
door_+2_90: [[351.0, 133.0], [351.0, 140.0]]
door_+2_91: [[336.0, 133.0], [336.0, 140.0]]
door_+2_92: [[363.0, 132.0], [371.0, 132.0]]
door_+2_93: [[342.5, 132.0], [350.5, 132.0]]
door_+2_94: [[323.0, 141.0], [331.0, 141.0]]
door_+2_95: [[323.0, 118.0], [331.0, 118.0]]
door_+2_96: [[330.0, 109.5], [330.0, 117.5]]
door_+2_97: [[310.0, 96.0], [318.0, 96.0]]
door_+2_98: [[318.0, 118.5], [318.0, 126.5]]
door_+2_99: [[297.0, 116.0], [297.0, 124.0]]
door_+3_0: [[305.0, 485.0], [305.0, 499.0]]
door_+3_1: [[269.5, 482.0], [277.5, 482.0]]
door_+3_10: [[295.0, 454.0], [295.0, 462.0]]
door_+3_100: [[30.0, 955.0], [30.0, 960.0]]
door_+3_101: [[21.0, 960.0], [29.0, 960.0]]
door_+3_102: [[20.0, 955.0], [20.0, 960.0]]
door_+3_103: [[104.5, 945.0], [112.5, 945.0]]
door_+3_104: [[93.0, 935.0], [101.0, 935.0]]
door_+3_105: [[102.0, 936.0], [102.0, 944.0]]
door_+3_106: [[92.0, 936.0], [92.0, 944.0]]
door_+3_107: [[117.0, 945.0], [125.0, 945.0]]
door_+3_108: [[128.0, 935.0], [136.0, 935.0]]
door_+3_109: [[137.0, 936.0], [137.0, 944.0]]
door_+3_11: [[355.0, 507.0], [355.0, 514.0]]
door_+3_110: [[127.0, 936.0], [127.0, 944.0]]
door_+3_111: [[174.5, 945.0], [182.5, 945.0]]
door_+3_112: [[163.0, 935.0], [171.0, 935.0]]
door_+3_113: [[172.0, 936.0], [172.0, 944.0]]
door_+3_114: [[162.0, 936.0], [162.0, 944.0]]
door_+3_115: [[187.0, 945.0], [195.0, 945.0]]
door_+3_116: [[198.0, 935.0], [206.0, 935.0]]
door_+3_117: [[207.0, 936.0], [207.0, 944.0]]
door_+3_118: [[197.0, 936.0], [197.0, 944.0]]
door_+3_119: [[231.5, 930.0], [239.5, 930.0]]
door_+3_12: [[355.0, 500.0], [355.0, 507.0]]
door_+3_120: [[231.5, 945.0], [239.5, 945.0]]
door_+3_121: [[230.0, 933.5], [230.0, 941.5]]
door_+3_122: [[522.0, 975.0], [514.0, 975.0]]
door_+3_123: [[528.0, 975.0], [536.0, 975.0]]
door_+3_124: [[608.0, 975.0], [600.0, 975.0]]
door_+3_125: [[624.0, 975.0], [632.0, 975.0]]
door_+3_126: [[438.0, 938.0], [438.0, 946.0]]
door_+3_127: [[438.0, 952.0], [438.0, 944.0]]
door_+3_128: [[460.0, 923.5], [460.0, 931.5]]
door_+3_129: [[460.0, 947.5], [460.0, 955.5]]
door_+3_13: [[556.0, 275.0], [564.0, 275.0]]
door_+3_130: [[460.0, 962.5], [460.0, 970.5]]
door_+3_131: [[654.0, 976.0], [654.0, 984.0]]
door_+3_132: [[460.0, 976.0], [460.0, 984.0]]
door_+3_133: [[612.0, 975.0], [620.0, 975.0]]
door_+3_134: [[438.0, 975.0], [438.0, 983.0]]
door_+3_135: [[428.0, 976.0], [428.0, 984.0]]
door_+3_136: [[438.0, 964.5], [438.0, 972.5]]
door_+3_137: [[428.0, 964.5], [428.0, 972.5]]
door_+3_138: [[415.0, 970.0], [423.0, 970.0]]
door_+3_139: [[438.0, 955.5], [438.0, 963.5]]
door_+3_14: [[566.0, 282.0], [566.0, 290.0]]
door_+3_140: [[438.0, 926.0], [438.0, 934.0]]
door_+3_141: [[438.0, 913.5], [438.0, 921.5]]
door_+3_142: [[385.0, 920.0], [390.0, 920.0]]
door_+3_143: [[330.0, 920.0], [335.0, 920.0]]
door_+3_144: [[396.0, 940.0], [404.0, 940.0]]
door_+3_145: [[390.0, 943.0], [390.0, 951.0]]
door_+3_146: [[295.0, 946.0], [295.0, 954.0]]
door_+3_147: [[276.0, 955.0], [284.0, 955.0]]
door_+3_148: [[276.0, 965.0], [284.0, 965.0]]
door_+3_149: [[275.0, 956.0], [275.0, 964.0]]
door_+3_15: [[630.0, 282.0], [630.0, 290.0]]
door_+3_150: [[286.0, 955.0], [294.0, 955.0]]
door_+3_151: [[301.0, 965.0], [309.0, 965.0]]
door_+3_152: [[315.0, 958.0], [315.0, 966.0]]
door_+3_153: [[315.0, 946.0], [315.0, 954.0]]
door_+3_154: [[293.0, 945.0], [301.0, 945.0]]
door_+3_155: [[313.0, 935.0], [321.0, 935.0]]
door_+3_156: [[307.0, 935.0], [299.0, 935.0]]
door_+3_157: [[315.0, 936.0], [315.0, 944.0]]
door_+3_158: [[282.0, 945.0], [290.0, 945.0]]
door_+3_159: [[275.0, 935.0], [282.0, 935.0]]
door_+3_16: [[616.0, 275.0], [624.0, 275.0]]
door_+3_160: [[275.0, 945.0], [282.0, 945.0]]
door_+3_161: [[275.0, 936.0], [275.0, 944.0]]
door_+3_162: [[260.0, 955.0], [265.0, 955.0]]
door_+3_163: [[657.0, 813.0], [665.0, 813.0]]
door_+3_164: [[677.5, 760.0], [685.5, 760.0]]
door_+3_165: [[677.5, 820.0], [685.5, 820.0]]
door_+3_17: [[594.0, 275.0], [602.0, 275.0]]
door_+3_18: [[572.0, 275.0], [580.0, 275.0]]
door_+3_19: [[534.0, 282.0], [534.0, 290.0]]
door_+3_2: [[287.5, 500.0], [295.5, 500.0]]
door_+3_20: [[523.0, 260.0], [531.0, 260.0]]
door_+3_21: [[523.0, 275.0], [531.0, 275.0]]
door_+3_22: [[534.0, 263.5], [534.0, 271.5]]
door_+3_23: [[507.0, 275.0], [515.0, 275.0]]
door_+3_24: [[486.0, 275.0], [494.0, 275.0]]
door_+3_25: [[310.5, 519.0], [318.5, 519.0]]
door_+3_26: [[318.0, 635.0], [326.0, 635.0]]
door_+3_27: [[328.0, 638.5], [328.0, 646.5]]
door_+3_28: [[284.0, 638.5], [284.0, 646.5]]
door_+3_29: [[361.0, 650.0], [353.0, 650.0]]
door_+3_3: [[275.0, 492.0], [267.0, 492.0]]
door_+3_30: [[403.0, 650.0], [395.0, 650.0]]
door_+3_31: [[409.0, 650.0], [417.0, 650.0]]
door_+3_32: [[448.0, 653.0], [448.0, 687.0]]
door_+3_33: [[487.0, 650.0], [479.0, 650.0]]
door_+3_34: [[493.0, 650.0], [501.0, 650.0]]
door_+3_35: [[535.0, 650.0], [543.0, 650.0]]
door_+3_36: [[554.0, 638.5], [554.0, 646.5]]
door_+3_37: [[535.0, 635.0], [543.0, 635.0]]
door_+3_38: [[477.0, 635.0], [485.0, 635.0]]
door_+3_39: [[430.0, 635.0], [466.0, 635.0]]
door_+3_4: [[269.0, 489.0], [269.0, 481.0]]
door_+3_40: [[419.0, 635.0], [411.0, 635.0]]
door_+3_41: [[361.0, 635.0], [353.0, 635.0]]
door_+3_42: [[298.0, 635.0], [315.0, 635.0]]
door_+3_43: [[286.5, 635.0], [294.5, 635.0]]
door_+3_44: [[269.0, 635.0], [277.0, 635.0]]
door_+3_45: [[247.5, 635.0], [255.5, 635.0]]
door_+3_46: [[238.0, 635.0], [230.0, 635.0]]
door_+3_47: [[160.0, 635.0], [168.0, 635.0]]
door_+3_48: [[118.0, 635.0], [126.0, 635.0]]
door_+3_49: [[76.0, 635.0], [84.0, 635.0]]
door_+3_5: [[269.0, 445.0], [269.0, 453.0]]
door_+3_50: [[70.0, 635.0], [62.0, 635.0]]
door_+3_51: [[35.0, 650.0], [43.0, 650.0]]
door_+3_52: [[48.0, 650.0], [56.0, 650.0]]
door_+3_53: [[60.5, 650.0], [68.5, 650.0]]
door_+3_54: [[79.5, 650.0], [87.5, 650.0]]
door_+3_55: [[100.5, 650.0], [108.5, 650.0]]
door_+3_56: [[121.5, 650.0], [129.5, 650.0]]
door_+3_57: [[142.5, 650.0], [150.5, 650.0]]
door_+3_58: [[163.5, 650.0], [171.5, 650.0]]
door_+3_59: [[184.5, 650.0], [192.5, 650.0]]
door_+3_6: [[275.0, 442.0], [267.0, 442.0]]
door_+3_60: [[205.5, 650.0], [213.5, 650.0]]
door_+3_61: [[226.5, 650.0], [234.5, 650.0]]
door_+3_62: [[247.5, 650.0], [255.5, 650.0]]
door_+3_63: [[269.0, 650.0], [277.0, 650.0]]
door_+3_64: [[285.0, 650.0], [293.0, 650.0]]
door_+3_65: [[285.0, 662.0], [293.0, 662.0]]
door_+3_66: [[294.0, 652.0], [294.0, 660.0]]
door_+3_67: [[318.5, 650.0], [326.5, 650.0]]
door_+3_68: [[318.5, 662.0], [326.5, 662.0]]
door_+3_69: [[317.0, 652.0], [317.0, 660.0]]
door_+3_7: [[287.5, 442.0], [295.5, 442.0]]
door_+3_70: [[244.0, 955.0], [252.0, 955.0]]
door_+3_71: [[241.5, 933.0], [249.5, 933.0]]
door_+3_72: [[241.5, 955.0], [249.5, 955.0]]
door_+3_73: [[250.0, 935.0], [250.0, 943.0]]
door_+3_74: [[265.0, 946.0], [265.0, 954.0]]
door_+3_75: [[250.0, 946.0], [250.0, 954.0]]
door_+3_76: [[241.0, 946.0], [241.0, 954.0]]
door_+3_77: [[20.0, 946.0], [20.0, 954.0]]
door_+3_78: [[226.5, 955.0], [234.5, 955.0]]
door_+3_79: [[198.0, 955.0], [206.0, 955.0]]
door_+3_8: [[295.0, 475.0], [295.0, 482.0]]
door_+3_80: [[207.0, 955.0], [207.0, 960.0]]
door_+3_81: [[198.0, 960.0], [206.0, 960.0]]
door_+3_82: [[197.0, 955.0], [197.0, 960.0]]
door_+3_83: [[163.0, 955.0], [171.0, 955.0]]
door_+3_84: [[172.0, 955.0], [172.0, 960.0]]
door_+3_85: [[163.0, 960.0], [171.0, 960.0]]
door_+3_86: [[162.0, 955.0], [162.0, 960.0]]
door_+3_87: [[128.0, 955.0], [136.0, 955.0]]
door_+3_88: [[137.0, 955.0], [137.0, 960.0]]
door_+3_89: [[128.0, 960.0], [136.0, 960.0]]
door_+3_9: [[295.0, 465.5], [295.0, 473.5]]
door_+3_90: [[127.0, 955.0], [127.0, 960.0]]
door_+3_91: [[93.0, 955.0], [101.0, 955.0]]
door_+3_92: [[102.0, 955.0], [102.0, 960.0]]
door_+3_93: [[93.0, 960.0], [101.0, 960.0]]
door_+3_94: [[92.0, 955.0], [92.0, 960.0]]
door_+3_95: [[58.0, 955.0], [66.0, 955.0]]
door_+3_96: [[67.0, 955.0], [67.0, 960.0]]
door_+3_97: [[58.0, 960.0], [66.0, 960.0]]
door_+3_98: [[57.0, 955.0], [57.0, 960.0]]
door_+3_99: [[21.0, 955.0], [29.0, 955.0]]
door_-1_0: [[418.0, 519.0], [426.0, 519.0]]
door_-1_1: [[492.0, 537.0], [492.0, 547.0]]
door_-1_10: [[321.0, 222.0], [333.0, 222.0]]
door_-1_100: [[56.0, 650.0], [64.0, 650.0]]
door_-1_101: [[48.0, 638.5], [48.0, 646.5]]
door_-1_102: [[229.0, 635.0], [237.0, 635.0]]
door_-1_103: [[174.0, 635.0], [166.0, 635.0]]
door_-1_104: [[88.0, 635.0], [96.0, 635.0]]
door_-1_105: [[182.0, 660.0], [182.0, 668.0]]
door_-1_106: [[285.5, 650.0], [293.5, 650.0]]
door_-1_107: [[285.5, 662.0], [293.5, 662.0]]
door_-1_108: [[295.0, 666.0], [295.0, 674.0]]
door_-1_109: [[297.0, 650.0], [305.0, 650.0]]
door_-1_11: [[269.0, 327.5], [269.0, 335.5]]
door_-1_110: [[308.5, 650.0], [316.5, 650.0]]
door_-1_111: [[308.5, 662.0], [316.5, 662.0]]
door_-1_112: [[319.0, 650.0], [327.0, 650.0]]
door_-1_113: [[319.0, 678.0], [327.0, 678.0]]
door_-1_114: [[150.0, 681.0], [150.0, 705.0]]
door_-1_115: [[293.0, 872.0], [301.0, 872.0]]
door_-1_116: [[51.0, 720.0], [59.0, 720.0]]
door_-1_117: [[321.0, 872.0], [329.0, 872.0]]
door_-1_118: [[129.5, 872.0], [137.5, 872.0]]
door_-1_119: [[129.5, 910.0], [137.5, 910.0]]
door_-1_12: [[295.0, 371.0], [303.0, 371.0]]
door_-1_120: [[130.5, 985.0], [138.5, 985.0]]
door_-1_121: [[438.0, 938.0], [438.0, 946.0]]
door_-1_122: [[438.0, 926.0], [438.0, 934.0]]
door_-1_123: [[438.0, 913.5], [438.0, 921.5]]
door_-1_124: [[421.0, 910.0], [429.0, 910.0]]
door_-1_125: [[439.5, 955.0], [447.5, 955.0]]
door_-1_126: [[439.5, 965.0], [447.5, 965.0]]
door_-1_127: [[450.5, 955.0], [458.5, 955.0]]
door_-1_128: [[450.5, 965.0], [458.5, 965.0]]
door_-1_129: [[540.0, 933.5], [540.0, 941.5]]
door_-1_13: [[282.0, 420.0], [294.0, 420.0]]
door_-1_130: [[460.0, 933.5], [460.0, 941.5]]
door_-1_131: [[654.0, 943.5], [654.0, 951.5]]
door_-1_132: [[560.0, 933.0], [560.0, 962.0]]
door_-1_133: [[656.0, 957.0], [662.0, 963.0]]
door_-1_134: [[658.0, 970.0], [666.0, 970.0]]
door_-1_135: [[681.0, 963.0], [687.0, 957.0]]
door_-1_136: [[689.0, 940.0], [689.0, 948.0]]
door_-1_137: [[687.0, 938.0], [681.0, 932.0]]
door_-1_138: [[693.0, 930.0], [701.0, 930.0]]
door_-1_139: [[679.5, 930.0], [687.5, 930.0]]
door_-1_14: [[259.0, 415.0], [267.0, 415.0]]
door_-1_140: [[667.5, 930.0], [675.5, 930.0]]
door_-1_141: [[662.5, 932.27272727273], [656.5, 937.72727272727]]
door_-1_142: [[601.0, 930.0], [609.0, 930.0]]
door_-1_143: [[540.0, 956.0], [540.0, 964.0]]
door_-1_144: [[678.0, 682.0], [678.0, 690.0]]
door_-1_15: [[281.0, 431.0], [281.0, 439.0]]
door_-1_16: [[256.0, 415.0], [256.0, 420.0]]
door_-1_17: [[245.0, 415.0], [245.0, 420.0]]
door_-1_18: [[208.0, 448.0], [216.0, 448.0]]
door_-1_19: [[235.0, 451.0], [235.0, 459.0]]
door_-1_2: [[499.0, 521.0], [507.0, 521.0]]
door_-1_20: [[205.0, 455.0], [205.0, 463.0]]
door_-1_21: [[193.5, 470.0], [201.5, 470.0]]
door_-1_22: [[294.0, 371.0], [294.0, 382.0]]
door_-1_23: [[623.0, 347.0], [623.0, 355.0]]
door_-1_24: [[599.5, 384.0], [607.5, 384.0]]
door_-1_25: [[623.0, 390.0], [623.0, 398.0]]
door_-1_26: [[623.0, 408.5], [623.0, 416.5]]
door_-1_27: [[603.5, 421.0], [611.5, 421.0]]
door_-1_28: [[592.0, 418.0], [592.0, 410.0]]
door_-1_29: [[633.0, 349.0], [633.0, 357.0]]
door_-1_3: [[645.0, 528.5], [645.0, 536.5]]
door_-1_30: [[624.0, 430.0], [632.0, 430.0]]
door_-1_31: [[647.0, 450.0], [639.0, 450.0]]
door_-1_32: [[626.0, 462.0], [634.0, 462.0]]
door_-1_33: [[645.0, 462.0], [645.0, 468.0]]
door_-1_34: [[595.0, 462.0], [595.0, 468.0]]
door_-1_35: [[528.0, 174.5], [528.0, 182.5]]
door_-1_36: [[499.0, 174.5], [499.0, 182.5]]
door_-1_37: [[486.0, 188.0], [494.0, 188.0]]
door_-1_38: [[528.0, 191.0], [528.0, 211.0]]
door_-1_39: [[472.5, 188.0], [480.5, 188.0]]
door_-1_4: [[553.0, 288.0], [561.0, 288.0]]
door_-1_40: [[470.0, 178.0], [470.0, 186.0]]
door_-1_41: [[463.0, 161.0], [470.0, 161.0]]
door_-1_42: [[463.0, 148.5], [463.0, 156.5]]
door_-1_43: [[470.0, 125.5], [470.0, 133.5]]
door_-1_44: [[470.0, 101.0], [470.0, 109.0]]
door_-1_45: [[460.5, 88.0], [468.5, 88.0]]
door_-1_46: [[450.0, 83.0], [450.0, 91.0]]
door_-1_47: [[450.0, 77.0], [450.0, 69.0]]
door_-1_48: [[453.0, 62.0], [461.0, 62.0]]
door_-1_49: [[453.0, 69.0], [461.0, 69.0]]
door_-1_5: [[466.0, 301.0], [466.0, 293.0]]
door_-1_50: [[467.0, 62.0], [459.0, 62.0]]
door_-1_51: [[467.0, 69.0], [459.0, 69.0]]
door_-1_52: [[480.5, 60.0], [488.5, 60.0]]
door_-1_53: [[499.0, 74.0], [499.0, 66.0]]
door_-1_54: [[499.0, 92.5], [499.0, 100.5]]
door_-1_55: [[499.0, 121.5], [499.0, 129.5]]
door_-1_56: [[499.0, 139.5], [499.0, 147.5]]
door_-1_57: [[499.0, 156.0], [499.0, 164.0]]
door_-1_58: [[459.0, 101.0], [459.0, 109.0]]
door_-1_59: [[450.0, 164.0], [450.0, 172.0]]
door_-1_6: [[452.0, 278.0], [460.0, 278.0]]
door_-1_60: [[320.0, 103.0], [320.0, 116.0]]
door_-1_61: [[272.0, 105.5], [272.0, 113.5]]
door_-1_62: [[334.0, 52.0], [334.0, 60.0]]
door_-1_63: [[351.0, 55.0], [351.0, 63.0]]
door_-1_64: [[334.0, 69.0], [342.0, 69.0]]
door_-1_65: [[342.5, 69.0], [350.5, 69.0]]
door_-1_66: [[214.0, 172.0], [214.0, 180.0]]
door_-1_67: [[198.0, 174.0], [198.0, 182.0]]
door_-1_68: [[220.0, 201.0], [220.0, 209.0]]
door_-1_69: [[63.0, 55.0], [71.0, 55.0]]
door_-1_7: [[452.0, 304.0], [460.0, 304.0]]
door_-1_70: [[43.0, 172.0], [43.0, 180.0]]
door_-1_71: [[43.0, 125.5], [43.0, 133.5]]
door_-1_72: [[43.0, 58.0], [43.0, 66.0]]
door_-1_73: [[318.0, 635.0], [326.0, 635.0]]
door_-1_74: [[316.0, 615.0], [316.0, 622.0]]
door_-1_75: [[328.0, 638.5], [328.0, 646.5]]
door_-1_76: [[284.0, 638.5], [284.0, 646.5]]
door_-1_77: [[367.0, 650.0], [359.0, 650.0]]
door_-1_78: [[370.0, 660.0], [370.0, 668.0]]
door_-1_79: [[415.0, 650.0], [423.0, 650.0]]
door_-1_8: [[428.0, 289.0], [428.0, 299.0]]
door_-1_80: [[493.0, 650.0], [485.0, 650.0]]
door_-1_81: [[502.5, 650.0], [510.5, 650.0]]
door_-1_82: [[528.5, 650.0], [536.5, 650.0]]
door_-1_83: [[551.0, 650.0], [559.0, 650.0]]
door_-1_84: [[548.0, 638.5], [548.0, 646.5]]
door_-1_85: [[525.0, 635.0], [533.0, 635.0]]
door_-1_86: [[502.5, 635.0], [510.5, 635.0]]
door_-1_87: [[457.0, 635.0], [465.0, 635.0]]
door_-1_88: [[442.5, 570.0], [450.5, 570.0]]
door_-1_89: [[442.5, 635.0], [450.5, 635.0]]
door_-1_9: [[334.0, 289.0], [334.0, 299.0]]
door_-1_90: [[421.5, 635.0], [429.5, 635.0]]
door_-1_91: [[409.0, 635.0], [401.0, 635.0]]
door_-1_92: [[355.5, 621.0], [363.5, 621.0]]
door_-1_93: [[355.5, 635.0], [363.5, 635.0]]
door_-1_94: [[339.5, 621.0], [347.5, 621.0]]
door_-1_95: [[339.5, 635.0], [347.5, 635.0]]
door_-1_96: [[338.0, 624.0], [338.0, 632.0]]
door_-1_97: [[298.0, 635.0], [315.0, 635.0]]
door_-1_98: [[286.5, 635.0], [294.5, 635.0]]
door_-1_99: [[56.0, 635.0], [64.0, 635.0]]
door_-2_0: [[634.5, 370.0], [642.5, 370.0]]
door_-2_1: [[645.0, 452.0], [645.0, 460.0]]
door_-2_10: [[601.0, 895.0], [609.0, 895.0]]
door_-2_11: [[550.0, 873.5], [550.0, 881.5]]
door_-2_12: [[550.0, 873.5], [550.0, 881.5]]
door_-2_13: [[450.0, 858.0], [450.0, 887.0]]
door_-2_14: [[493.5, 895.0], [501.5, 895.0]]
door_-2_15: [[505.0, 956.0], [505.0, 964.0]]
door_-2_2: [[623.0, 422.0], [623.0, 414.0]]
door_-2_3: [[623.0, 378.0], [623.0, 386.0]]
door_-2_4: [[645.0, 436.0], [645.0, 444.0]]
door_-2_5: [[624.0, 430.0], [632.0, 430.0]]
door_-2_6: [[660.0, 454.0], [660.0, 446.0]]
door_-2_7: [[660.0, 393.0], [660.0, 401.0]]
door_-2_8: [[660.0, 382.0], [660.0, 374.0]]
door_-2_9: [[623.5, 370.0], [631.5, 370.0]]
extra_30_590: [[30, 590], [1030, 590], [1030, 606], [30, 606]]
extra_450_308: [[450, 308], [486, 308], [486, 336], [450, 336]]
extra_486_308: [[486, 308], [528, 308], [528, 500], [486, 500]]
extra_486_556: [[486, 556], [506, 556], [506, 588], [486, 588]]
extra_528_390: [[528, 390], [584, 390], [584, 418], [528, 418]]
door_+4_0: [[318.0, 622.0], [326.0, 622.0]]
door_+4_1: [[318.0, 635.0], [326.0, 635.0]]
door_+4_2: [[316.0, 625.0], [316.0, 633.0]]
door_+4_3: [[412.5, 965.0], [420.5, 965.0]]
door_+4_4: [[612.0, 935.0], [620.0, 935.0]]
door_+4_5: [[423.0, 966.0], [423.0, 974.0]]
door_+4_6: [[396.0, 940.0], [404.0, 940.0]]
door_+4_7: [[390.0, 963.0], [390.0, 971.0]]
door_+4_8: [[286.0, 945.0], [294.0, 945.0]]
door_+4_9: [[295.0, 946.0], [295.0, 954.0]]
door_+4_10: [[285.0, 946.0], [285.0, 954.0]]
door_+4_11: [[276.0, 955.0], [284.0, 955.0]]
door_+4_12: [[275.0, 946.0], [275.0, 954.0]]
door_+4_13: [[286.0, 955.0], [294.0, 955.0]]
door_+4_14: [[301.0, 965.0], [309.0, 965.0]]
door_+4_15: [[315.0, 958.0], [315.0, 966.0]]
door_+4_16: [[315.0, 946.0], [315.0, 954.0]]
door_+4_17: [[304.0, 935.0], [296.0, 935.0]]
door_+4_18: [[310.0, 935.0], [318.0, 935.0]]
door_+4_19: [[315.0, 936.0], [315.0, 944.0]]
door_+4_20: [[275.0, 936.0], [275.0, 944.0]]
door_+4_21: [[282.0, 935.0], [274.0, 935.0]]
